24
0 1
0 6
0 18
0 19
1 3
1 13
2 1
2 3
2 4
2 6
2 8
2 15
2 21
3 1
3 2
3 6
3 9
3 13
4 1
4 7
4 10
4 17
5 4
5 6
5 9
5 11
5 16
5 21
6 0
6 12
6 20
7 1
8 2
8 12
8 14
9 3
9 8
9 15
10 8
10 11
10 16
10 21
11 5
11 10
11 12
12 2
12 6
12 13
12 18
12 20
13 4
13 5
13 7
13 12
14 1
14 8
14 20
15 4
15 5
15 9
15 21
15 22
15 23
16 1
16 6
16 9
16 17
16 22
17 4
17 6
17 8
17 14
17 15
17 16
18 11
18 12
18 13
18 19
18 23
19 14
19 18
19 20
19 21
19 23
20 3
20 12
20 14
20 17
20 19
21 10
21 14
21 15
21 18
21 22
22 3
22 4
22 15
22 21
22 23
23 5
23 7
23 8
23 15
23 17
23 22