28
0 5
0 7
1 14
2 1
2 3
2 6
2 9
2 12
2 19
2 26
3 2
3 5
3 10
3 16
3 19
3 20
4 6
4 17
4 18
4 21
4 22
4 24
5 4
5 6
5 21
6 7
6 13
7 0
7 1
7 6
7 8
7 14
8 2
8 3
8 6
8 7
8 12
8 15
8 17
9 2
9 13
9 16
9 18
9 23
9 24
9 25
10 3
10 15
10 17
10 22
11 12
11 13
11 18
12 11
12 13
12 18
12 20
12 23
13 5
13 6
13 12
13 20
13 26
14 4
14 10
14 21
14 25
15 6
15 8
15 10
15 16
15 20
15 22
16 4
16 9
16 17
16 18
16 23
17 1
17 2
17 10
17 15
17 18
17 24
18 1
18 11
18 19
18 22
19 3
19 12
19 18
19 26
20 3
20 13
20 27
21 19
21 26
22 8
22 15
22 21
22 23
23 1
23 16
23 22
24 8
24 16
24 17
24 25
24 26
25 6
25 22
25 24
25 26
26 5
26 12
26 17
26 19
26 25
26 27
27 4
27 14
27 20