25
0 1
0 7
0 10
0 19
1 0
1 6
2 3
2 6
2 10
2 12
2 19
2 21
3 2
3 4
3 8
3 15
4 0
4 3
4 9
5 7
6 1
6 7
6 15
6 17
6 21
6 23
7 6
7 8
7 17
8 3
8 7
8 9
8 12
8 15
8 16
8 19
9 4
9 10
9 13
9 14
10 5
10 13
10 15
11 5
11 10
11 15
11 16
11 18
11 20
12 10
12 13
12 17
13 12
13 14
13 17
13 18
14 0
14 6
14 9
14 12
14 13
14 19
15 1
15 4
15 20
16 1
16 3
16 6
16 11
16 15
16 21
17 7
17 9
17 12
17 18
18 9
18 17
18 23
19 15
19 21
19 23
19 24
20 3
20 4
20 8
21 4
21 13
21 16
21 18
21 22
22 1
22 8
22 17
22 19
23 18
23 22
23 24
24 5
24 10
24 23