32
0 1
0 10
0 26
1 0
1 7
1 9
1 14
2 0
2 3
2 21
2 31
3 4
3 8
3 11
3 23
4 2
4 3
4 8
4 12
4 18
4 23
5 1
5 8
5 15
5 21
5 27
6 5
6 25
6 27
6 29
7 6
7 29
8 10
8 12
8 25
9 1
9 17
9 20
9 28
10 11
10 15
10 18
10 19
11 1
11 3
11 9
11 10
11 21
12 4
12 7
12 11
12 20
12 30
13 5
13 14
13 15
13 21
14 0
14 1
14 6
14 8
14 10
14 15
14 31
15 1
15 3
15 14
15 26
16 0
16 7
16 8
16 17
16 21
16 24
16 30
17 9
17 16
17 26
17 30
18 3
18 10
18 22
18 26
19 2
19 27
20 6
20 12
20 28
21 10
21 12
21 20
21 23
21 27
22 16
22 23
22 28
22 30
23 5
23 14
23 15
23 22
23 31
24 4
24 16
24 25
25 6
25 11
25 24
25 26
26 0
26 18
26 25
26 28
27 4
27 6
27 19
27 28
28 2
28 8
28 9
28 19
28 20
28 25
28 27
28 29
29 7
29 17
29 19
29 25
29 28
29 30
30 2
30 22
30 26
30 29
31 23